Time(ms),C1_Sign, C1_CPM, C1_uSv, C2_Sign, C2_CPM, C2_uSv, MuonCount, MuonCPM
15001,1,4,0.08,2,8,0.15,0,0
30002,4,16,0.30,0,0,0.00,0,0
45003,1,4,0.08,0,0,0.00,0,0
60004,1,4,0.08,0,0,0.0,0,0
75005,0,0,0.00,0,0,0.00,0,0
90006,3,12,0.23,0,0,0.0,0,0
105007,0,0,0.00,0,0,0.00,0,0
120008,1,4,0.08,2,8,0.15,0,0
135009,0,0,0.00,1,4,0.08,0,0
150010,0,0,0.00,0,0,0.00,0,0
165011,1,4,0.08,0,0,0.00,0,0
180012,2,8,0.15,1,4,0.08,0,0
195013,0,0,0.00,0,0,0.00,0,0
210014,1,4,0.08,1,4,0.08,0,0
225015,4,16,0.30,3,12,0.23,0,0
240016,1,4,0.08,0,0,0.00,0,0
255017,1,4,0.08,5,20,0.38,0,0
270018,0,0,0.00,0,0,0.00,0,0
285019,1,4,0.08,1,4,0.08,0,0
300020,0,0,0.00,1,4,0.08,0,0
315021,0,0,0.0,1,4,0.08,0,0
330022,0,0,0.00,3,12,0.23,0,0
345023,2,8,0.15,2,8,0.15,0,0
360024,0,0,0.00,1,4,0.08,0,0
375025,1,4,0.08,0,0,0.00,0,0
390026,0,0,0.00,0,0,0.00,0,0
405027,1,4,0.08,1,4,0.08,0,0
420028,0,0,0.00,0,0,0.00,0,0
435030,0,0,0.00,0,0,0.00,0,0
450031,1,4,0.08,0,0,0.00,0,0
465032,0,0,0.00,1,4,0.08,0,0
480033,0,0,0.0,0,0,0.0,0,0
495034,1,4,0.08,1,4,0.08,0,0
510035,2,8,0.15,0,0,0.00,0,0
525036,0,0,0.00,0,0,0.00,0,0
540037,3,12,0.23,1,4,0.08,1,4
555038,1,4,0.08,0,0,0.00,0,0
570039,1,4,0.08,2,8,0.15,0,0
585040,0,0,0.00,1,4,0.08,0,0
600041,0,0,0.00,1,4,0.08,0,0
615042,4,16,0.30,3,12,0.23,2,8
630043,0,0,0.00,0,0,0.00,0,0
645044,1,4,0.08,2,8,0.15,0,0
660045,1,4,0.08,0,0,0.00,0,0
675046,2,8,0.15,1,4,0.08,1,4
690048,1,4,0.08,1,4,0.08,0,0
705049,0,0,0.00,0,0,0.00,0,0
720050,3,12,0.23,3,12,0.23,1,4
735051,1,4,0.08,2,8,0.15,1,4
750052,1,4,0.08,1,4,0.08,0,0
765053,0,0,0.00,0,0,0.00,0,0
780054,2,8,0.15,0,0,0.00,0,0
795055,1,4,0.08,0,0,0.00,0,0
810056,1,4,0.08,3,12,0.23,0,0
825057,0,0,0.00,0,0,0.00,0,0
840058,2,8,0.15,2,8,0.15,0,0
855059,1,4,0.08,2,8,0.15,1,4
870060,3,12,0.23,2,8,0.15,0,0
885061,2,8,0.15,1,4,0.08,0,0
900062,2,8,0.15,4,16,0.30,1,4
915063,2,8,0.15,2,8,0.15,0,0
930064,0,0,0.00,1,4,0.08,0,0
945065,0,0,0.0,0,0,0.00,0,0
960066,1,4,0.08,0,0,0.00,0,0
975067,4,16,0.30,3,12,0.23,2,8
990068,0,0,0.00,1,4,0.08,0,0
1005069,4,16,0.30,2,8,0.15,0,0
1020070,5,20,0.38,5,20,0.38,2,8
1035071,1,4,0.08,1,4,0.08,0,0
1050072,5,20,0.38,2,8,0.15,0,0
1065073,4,16,0.30,3,12,0.23,0,0
1080074,0,0,0.00,2,8,0.15,0,0
1095075,2,8,0.15,1,4,0.08,1,4
1110076,2,8,0.15,2,8,0.15,0,0
1125078,3,12,0.23,5,20,0.38,1,4
1140079,6,24,0.45,5,20,0.38,2,8
1155080,0,0,0.0,0,0,0.0,0,0
1170081,2,8,0.15,0,0,0.0,0,0
1185082,3,12,0.23,6,24,0.45,0,0
1200083,7,28,0.53,7,28,0.53,1,4
1215084,5,20,0.38,3,12,0.23,1,4
1230085,5,20,0.38,1,4,0.08,0,0
1245086,3,12,0.23,4,16,0.30,1,4
1260087,2,8,0.15,2,8,0.15,1,4
1275088,4,16,0.30,6,24,0.45,0,0
1290089,7,28,0.53,7,28,0.53,1,4
1305090,7,28,0.53,5,20,0.38,1,4
1320091,3,12,0.23,4,16,0.30,0,0
1335092,0,0,0.0,0,0,0.0,0,0
1350093,0,0,0.0,0,0,0.0,0,0
1365094,4,16,0.30,0,0,0.0,1,4
1380096,10,40,0.75,1,4,0.08,1,4
1395097,1,4,0.08,4,16,0.30,0,0
1410098,11,44,0.83,7,28,0.53,2,8
1425099,6,24,0.45,5,20,0.38,0,0
1440100,8,32,0.60,5,20,0.38,2,8
1455101,8,32,0.60,6,24,0.45,2,8
1470102,7,28,0.53,9,36,0.68,2,8
1485103,5,20,0.38,8,32,0.60,1,4
1500104,8,32,0.60,7,28,0.53,2,8
1515105,6,24,0.45,15,60,1.13,4,16
1530106,9,36,0.68,6,24,0.45,0,0
1545107,7,28,0.53,2,8,0.15,0,0
1560108,7,28,0.53,6,24,0.45,0,0
1575109,10,40,0.75,4,16,0.30,0,0
1590110,11,44,0.83,13,52,0.98,3,12
1605111,7,28,0.53,12,48,0.91,1,4
1620112,12,48,0.91,0,0,0.0,2,8
1635113,0,0,0.0,8,32,0.60,2,8
1650114,8,32,0.60,0,0,0.0,2,8
1665115,13,52,0.98,16,64,1.21,2,8
1680116,15,60,1.13,12,48,0.91,3,12
1695117,17,68,1.28,15,60,1.13,2,8
1710118,16,64,1.21,16,64,1.21,4,16
1725119,0,0,0.0,18,72,1.36,5,20
1740120,0,0,0.0,13,52,0.98,3,12
1755121,0,0,0.0,0,0,0.0,0,0
1770122,11,44,0.83,13,52,0.98,1,4
1785123,15,60,1.13,13,52,0.98,5,20
1800124,0,0,0.0,0,0,0.0,2,8
1815126,0,0,0.0,0,0,0.0,3,12
1830127,9,36,0.68,0,0,0.0,0,0
1845128,0,0,0.0,10,40,0.75,0,0
1860129,21,84,1.58,10,40,0.75,3,12
1875130,0,0,0.0,0,0,0.0,0,0
1890131,0,0,0.0,15,60,1.13,1,4
1905132,12,48,0.91,0,0,0.0,1,4
1920133,20,80,1.51,0,0,0.0,1,4
1935134,13,52,0.98,11,44,0.83,2,8
1950135,0,0,0.0,0,0,0.0,1,4
1965136,0,0,0.0,0,0,0.0,1,4
1980137,23,92,1.73,0,0,0.0,2,8
1995138,0,0,0.0,18,72,1.36,0,0
2010139,0,0,0.0,20,80,1.51,0,0
2025140,0,0,0.0,0,0,0.0,1,4
2040141,0,0,0.0,16,64,1.21,0,0
2055142,0,0,0.0,24,96,1.81,2,8
2070144,27,108,2.04,0,0,0.0,1,4
2085145,26,104,1.96,0,0,0.0,2,8
2100146,0,0,0.0,24,96,1.81,3,12
2115147,0,0,0.0,0,0,0.0,1,4
2130148,0,0,0.0,0,0,0.0,0,0
2145149,15,60,1.13,17,68,1.28,2,8
2160150,0,0,0.0,0,0,0.0,1,4
2175151,0,0,0.0,28,112,2.11,2,8
2190152,0,0,0.0,0,0,0.0,1,4
2205153,23,92,1.73,30,120,2.26,4,16
2220154,0,0,0.0,0,0,0.0,4,16
2235155,18,72,1.36,0,0,0.0,1,4
2250156,0,0,0.0,0,0,0.0,0,0
2265157,0,0,0.0,0,0,0.0,1,4
2280158,0,0,0.0,0,0,0.0,2,8
2295159,24,96,1.81,0,0,0.0,0,0
2310160,0,0,0.0,0,0,0.0,1,4
2325161,0,0,0.0,0,0,0.0,5,20
2340162,0,0,0.0,0,0,0.0,5,20
2355163,29,116,2.19,0,0,0.0,2,8
2370164,0,0,0.0,26,104,1.96,0,0
2385165,0,0,0.0,0,0,0.0,2,8
2400166,34,136,2.56,0,0,0.0,2,8
2415167,0,0,0.0,0,0,0.0,0,0
2430168,0,0,0.0,0,0,0.0,0,0
2445169,0,0,0.0,0,0,0.0,1,4
2460170,0,0,0.0,0,0,0.0,2,8
2475171,0,0,0.0,0,0,0.0,0,0
2490172,42,168,3.17,0,0,0.0,3,12
2505174,0,0,0.0,31,124,2.34,1,4
2520175,29,116,2.19,0,0,0.0,5,20
2535176,0,0,0.0,0,0,0.0,2,8
2550177,0,0,0.0,29,116,2.19,0,0
2565178,32,128,2.41,0,0,0.0,1,4
2580179,34,136,2.56,0,0,0.0,1,4
2595180,0,0,0.0,0,0,0.0,0,0
2610181,21,84,1.58,0,0,0.0,2,8
2625182,0,0,0.0,0,0,0.0,1,4
2640183,0,0,0.0,0,0,0.0,0,0
2655184,0,0,0.0,0,0,0.0,3,12
2670185,0,0,0.0,0,0,0.0,0,0
2685186,0,0,0.0,0,0,0.0,0,0
2700187,0,0,0.0,0,0,0.0,0,0
2715188,0,0,0.0,0,0,0.0,1,4
2730189,0,0,0.0,40,160,3.02,0,0
2745190,0,0,0.0,0,0,0.0,0,0
2760192,0,0,0.0,0,0,0.0,0,0
2775193,0,0,0.0,0,0,0.0,0,0
2790194,0,0,0.0,0,0,0.0,2,8
2805195,0,0,0.0,0,0,0.0,0,0
2820196,0,0,0.0,0,0,0.0,0,0
2835197,0,0,0.0,0,0,0.0,3,12
2850198,0,0,0.0,0,0,0.0,0,0
2865199,0,0,0.0,0,0,0.0,1,4
2880200,0,0,0.0,0,0,0.0,1,4
2895201,0,0,0.0,0,0,0.0,4,16
2910202,0,0,0.0,0,0,0.0,0,0
2925203,39,156,2.94,32,128,2.41,3,12
2940204,0,0,0.0,0,0,0.0,1,4
2955205,35,140,2.64,0,0,0.0,1,4
2970206,0,0,0.0,0,0,0.0,2,8
2985207,0,0,0.0,0,0,0.0,10,40
3000208,0,0,0.0,0,0,0.0,1,4
3015209,0,0,0.0,0,0,0.0,1,4
3030210,0,0,0.0,41,164,3.09,0,0
3045211,0,0,0.0,0,0,0.0,1,4
3060212,0,0,0.0,0,0,0.0,2,8
3075213,0,0,0.0,0,0,0.0,0,0
3090214,0,0,0.0,0,0,0.0,1,4
3105215,0,0,0.0,47,188,3.55,3,12
3120216,54,216,4.07,0,0,0.0,4,16
3135217,0,0,0.0,0,0,0.0,2,8
3150218,40,160,3.02,0,0,0.0,0,0
3165219,0,0,0.0,0,0,0.0,0,0
3180220,0,0,0.0,0,0,0.0,1,4
3195222,0,0,0.0,0,0,0.0,2,8
3210223,0,0,0.0,0,0,0.0,1,4
3225224,0,0,0.0,0,0,0.0,1,4
3240225,0,0,0.0,0,0,0.0,0,0
3255226,0,0,0.0,0,0,0.0,1,4
3270227,0,0,0.0,0,0,0.0,2,8
3285228,0,0,0.0,0,0,0.0,0,0
3300229,0,0,0.0,0,0,0.0,0,0
3315230,0,0,0.0,0,0,0.0,3,12
3330231,0,0,0.0,0,0,0.0,0,0
3345232,0,0,0.0,0,0,0.0,0,0
3360233,39,156,2.94,0,0,0.0,4,16
3375234,0,0,0.0,37,148,2.79,1,4
3390235,0,0,0.0,0,0,0.0,1,4
3405236,0,0,0.0,0,0,0.0,1,4
3420237,0,0,0.0,0,0,0.0,0,0
3435238,0,0,0.0,0,0,0.0,3,12
3450240,0,0,0.0,0,0,0.0,0,0
3465241,0,0,0.0,0,0,0.0,1,4
3480242,0,0,0.0,0,0,0.0,2,8
3495243,0,0,0.0,0,0,0.0,0,0
3510244,0,0,0.0,0,0,0.0,2,8
3525245,0,0,0.0,0,0,0.0,0,0
3540246,0,0,0.0,0,0,0.0,0,0
3555247,0,0,0.0,31,124,2.34,2,8
3570248,0,0,0.0,0,0,0.0,0,0
3585249,0,0,0.0,0,0,0.0,0,0
3600250,0,0,0.0,31,124,2.34,2,8
3615251,0,0,0.0,0,0,0.0,0,0
3630252,0,0,0.0,0,0,0.0,0,0
3645253,0,0,0.0,0,0,0.0,2,8
3660254,0,0,0.0,0,0,0.0,1,4
3675255,0,0,0.0,0,0,0.0,4,16
3690256,0,0,0.0,0,0,0.0,0,0
3705257,0,0,0.0,0,0,0.0,0,0
3720258,0,0,0.0,25,100,1.89,1,4
3735259,0,0,0.0,0,0,0.0,0,0
3750260,0,0,0.0,0,0,0.0,0,0
3765261,0,0,0.0,0,0,0.0,2,8
3780262,41,164,3.09,37,148,2.79,11,44
3795263,0,0,0.0,0,0,0.0,1,4
3810264,0,0,0.0,0,0,0.0,4,16
3825265,0,0,0.0,0,0,0.0,0,0
3840266,0,0,0.0,34,136,2.56,2,8
3855267,0,0,0.0,0,0,0.0,0,0
3870268,0,0,0.0,0,0,0.0,0,0
3885270,0,0,0.0,0,0,0.0,4,16
3900271,0,0,0.0,0,0,0.0,2,8
3915272,0,0,0.0,0,0,0.0,0,0
3930273,0,0,0.0,0,0,0.0,1,4
3945274,0,0,0.0,0,0,0.0,1,4
3960275,0,0,0.0,0,0,0.0,0,0
3975276,0,0,0.0,0,0,0.0,0,0
3990277,0,0,0.0,0,0,0.0,1,4
4005278,0,0,0.0,0,0,0.0,0,0
4020279,0,0,0.0,0,0,0.0,2,8
4035280,0,0,0.0,0,0,0.0,0,0
4050281,0,0,0.0,0,0,0.0,3,12
4065282,0,0,0.0,0,0,0.0,0,0
4080283,32,128,2.41,0,0,0.0,1,4
4095284,0,0,0.0,0,0,0.0,2,8
4110285,0,0,0.0,0,0,0.0,1,4
4125286,0,0,0.0,0,0,0.0,2,8
4140288,0,0,0.0,0,0,0.0,2,8
4155289,0,0,0.0,0,0,0.0,1,4
4170290,0,0,0.0,0,0,0.0,0,0
4185291,0,0,0.0,0,0,0.0,0,0
4200292,0,0,0.0,0,0,0.0,1,4
4215293,0,0,0.0,0,0,0.0,0,0
4230294,0,0,0.0,0,0,0.0,0,0
4245295,0,0,0.0,0,0,0.0,3,12
4260296,36,144,2.72,0,0,0.0,3,12
4275297,0,0,0.0,0,0,0.0,0,0
4290298,0,0,0.0,0,0,0.0,0,0
4305299,0,0,0.0,0,0,0.0,0,0
4320300,42,168,3.17,0,0,0.0,0,0
4335301,0,0,0.0,0,0,0.0,0,0
4350302,31,124,2.34,0,0,0.0,3,12
4365303,0,0,0.0,0,0,0.0,2,8
4380304,0,0,0.0,28,112,2.11,2,8
4395305,0,0,0.0,0,0,0.0,1,4
4410306,0,0,0.0,0,0,0.0,0,0
4425307,0,0,0.0,0,0,0.0,0,0
4440308,0,0,0.0,0,0,0.0,3,12
4455309,0,0,0.0,0,0,0.0,0,0
4470310,0,0,0.0,0,0,0.0,0,0
4485311,0,0,0.0,0,0,0.0,0,0
4500312,0,0,0.0,0,0,0.0,2,8
4515313,0,0,0.0,27,108,2.04,2,8
4530314,0,0,0.0,0,0,0.0,2,8
4545315,0,0,0.0,0,0,0.0,0,0
4560316,0,0,0.0,0,0,0.0,0,0
4575318,0,0,0.0,0,0,0.0,1,4
4590319,0,0,0.0,0,0,0.0,0,0
4605320,0,0,0.0,0,0,0.0,2,8
4620321,0,0,0.0,0,0,0.0,1,4
4635322,0,0,0.0,0,0,0.0,1,4
4650323,0,0,0.0,0,0,0.0,0,0
4665324,0,0,0.0,0,0,0.0,0,0
4680325,32,128,2.41,0,0,0.0,0,0
4695326,0,0,0.0,0,0,0.0,2,8
4710327,0,0,0.0,0,0,0.0,2,8
4725328,0,0,0.0,0,0,0.0,0,0
4740329,0,0,0.0,30,120,2.26,4,16
4755330,0,0,0.0,0,0,0.0,0,0
4770331,0,0,0.0,27,108,2.04,1,4
4785332,0,0,0.0,0,0,0.0,0,0
4800333,0,0,0.0,0,0,0.0,4,16
4815334,0,0,0.0,0,0,0.0,0,0
4830336,0,0,0.0,0,0,0.0,1,4
4845337,0,0,0.0,0,0,0.0,0,0
4860338,0,0,0.0,0,0,0.0,1,4
4875339,0,0,0.0,0,0,0.0,2,8
4890340,0,0,0.0,0,0,0.0,0,0
4905341,0,0,0.0,0,0,0.0,1,4
4920342,0,0,0.0,0,0,0.0,1,4
4935343,0,0,0.0,0,0,0.0,0,0
4950344,0,0,0.0,0,0,0.0,0,0
4965345,0,0,0.0,0,0,0.0,0,0
4980346,0,0,0.0,0,0,0.0,0,0
4995347,0,0,0.0,0,0,0.0,0,0
5010348,0,0,0.0,28,112,2.11,0,0
5025349,0,0,0.0,0,0,0.0,1,4
5040350,0,0,0.0,0,0,0.0,0,0
5055351,24,96,1.81,0,0,0.0,3,12
5070352,0,0,0.0,0,0,0.0,1,4
5085353,0,0,0.0,0,0,0.0,0,0
5100354,0,0,0.0,0,0,0.0,0,0
5115355,0,0,0.0,0,0,0.0,0,0
5130356,0,0,0.0,0,0,0.0,1,4
5145357,0,0,0.0,17,68,1.28,1,4
5160358,0,0,0.0,0,0,0.0,0,0
5175359,0,0,0.0,23,92,1.73,0,0
5190360,0,0,0.0,0,0,0.0,1,4
5205361,0,0,0.0,0,0,0.0,1,4
5220362,0,0,0.0,0,0,0.0,0,0
5235363,0,0,0.0,0,0,0.0,0,0
5250364,0,0,0.0,0,0,0.0,0,0
5265366,0,0,0.0,0,0,0.0,0,0
5280367,0,0,0.0,0,0,0.0,0,0
5295368,0,0,0.0,0,0,0.0,0,0
5310369,0,0,0.0,0,0,0.0,0,0
5325370,0,0,0.0,0,0,0.0,0,0
5340371,0,0,0.0,0,0,0.0,0,0
5355372,0,0,0.0,0,0,0.0,5,20
5370373,0,0,0.0,0,0,0.0,0,0
5385374,0,0,0.0,0,0,0.0,1,4
5400375,0,0,0.0,0,0,0.0,1,4
5415376,0,0,0.0,0,0,0.0,3,12
5430377,0,0,0.0,0,0,0.0,0,0
5445378,0,0,0.0,0,0,0.0,0,0
5460379,40,160,3.02,0,0,0.0,0,0
5475380,23,92,1.73,0,0,0.0,0,0
5490381,0,0,0.0,0,0,0.0,0,0
5505382,0,0,0.0,0,0,0.0,0,0
5520384,0,0,0.0,0,0,0.0,0,0
5535385,0,0,0.0,0,0,0.0,0,0
5550386,0,0,0.0,0,0,0.0,2,8
5565387,0,0,0.0,0,0,0.0,0,0
5580388,0,0,0.0,0,0,0.0,0,0
5595389,0,0,0.0,0,0,0.0,1,4
5610390,0,0,0.0,0,0,0.0,0,0
5625391,0,0,0.0,0,0,0.0,1,4
5640392,0,0,0.0,0,0,0.0,1,4
5655393,28,112,2.11,0,0,0.0,5,20
5670394,0,0,0.0,0,0,0.0,0,0
5685395,0,0,0.0,0,0,0.0,0,0
5700396,0,0,0.0,0,0,0.0,0,0
5715397,0,0,0.0,0,0,0.0,1,4
5730398,0,0,0.0,0,0,0.0,1,4
5745399,0,0,0.0,0,0,0.0,0,0
5760400,0,0,0.0,0,0,0.0,1,4
5775401,23,92,1.73,0,0,0.0,0,0
5790402,0,0,0.0,0,0,0.0,0,0
5805403,0,0,0.0,0,0,0.0,0,0
5820404,0,0,0.0,0,0,0.0,0,0
5835405,0,0,0.0,0,0,0.0,0,0
5850406,0,0,0.0,0,0,0.0,0,0
5865407,0,0,0.0,0,0,0.0,0,0
5880408,0,0,0.0,0,0,0.0,0,0
5895409,0,0,0.0,0,0,0.0,1,4
5910410,0,0,0.0,0,0,0.0,0,0
5925411,0,0,0.0,0,0,0.0,0,0
5940412,0,0,0.0,0,0,0.0,0,0
5955414,0,0,0.0,0,0,0.0,0,0
5970415,0,0,0.0,0,0,0.0,2,8
5985416,0,0,0.0,0,0,0.0,0,0
6000417,0,0,0.0,0,0,0.0,0,0
6015418,0,0,0.0,22,88,1.66,1,4
6030419,0,0,0.0,0,0,0.0,0,0
6045420,0,0,0.0,0,0,0.0,1,4
6060421,0,0,0.0,0,0,0.0,1,4
6075422,0,0,0.0,0,0,0.0,0,0
6090423,0,0,0.0,0,0,0.0,0,0
6105424,0,0,0.0,0,0,0.0,1,4
6120425,27,108,2.04,0,0,0.0,1,4
6135426,0,0,0.0,0,0,0.0,0,0
6150427,0,0,0.0,0,0,0.0,2,8
6165428,0,0,0.0,0,0,0.0,0,0
6180429,0,0,0.0,0,0,0.0,0,0
6195430,0,0,0.0,16,64,1.21,0,0
6210432,0,0,0.0,16,64,1.21,2,8
6225433,0,0,0.0,0,0,0.0,0,0
6240434,0,0,0.0,0,0,0.0,2,8
6255435,0,0,0.0,0,0,0.0,1,4
6270436,0,0,0.0,29,116,2.19,1,4
6285437,0,0,0.0,0,0,0.0,1,4
6300438,0,0,0.0,0,0,0.0,0,0
6315439,0,0,0.0,0,0,0.0,1,4
6330440,0,0,0.0,0,0,0.0,2,8
6345441,0,0,0.0,0,0,0.0,1,4
6360442,0,0,0.0,0,0,0.0,1,4
6375443,0,0,0.0,0,0,0.0,0,0
6390444,0,0,0.0,0,0,0.0,1,4
6405445,0,0,0.0,0,0,0.0,0,0
6420446,0,0,0.0,0,0,0.0,0,0
6435447,0,0,0.0,0,0,0.0,1,4
6450448,0,0,0.0,0,0,0.0,2,8
6465449,0,0,0.0,0,0,0.0,0,0
6480450,0,0,0.0,0,0,0.0,0,0
6495451,0,0,0.0,21,84,1.58,4,16
6510452,0,0,0.0,0,0,0.0,0,0
6525453,0,0,0.0,0,0,0.0,0,0
6540454,0,0,0.0,0,0,0.0,0,0
6555455,0,0,0.0,0,0,0.0,2,8
6570456,0,0,0.0,0,0,0.0,1,4
6585457,0,0,0.0,0,0,0.0,1,4
6600458,0,0,0.0,0,0,0.0,0,0
6615459,0,0,0.0,16,64,1.21,1,4
6630460,0,0,0.0,0,0,0.0,2,8
6645462,0,0,0.0,0,0,0.0,0,0
6660463,17,68,1.28,0,0,0.0,1,4
6675464,0,0,0.0,0,0,0.0,0,0
6690465,0,0,0.0,0,0,0.0,1,4
6705466,0,0,0.0,0,0,0.0,0,0
6720467,0,0,0.0,0,0,0.0,0,0
6735468,0,0,0.0,0,0,0.0,1,4
6750469,0,0,0.0,0,0,0.0,0,0
6765470,0,0,0.0,0,0,0.0,1,4
6780471,0,0,0.0,0,0,0.0,1,4
6795472,0,0,0.0,0,0,0.0,0,0
6810473,0,0,0.0,0,0,0.0,3,12
6825474,0,0,0.0,0,0,0.0,0,0
6840475,0,0,0.0,0,0,0.0,0,0
6855476,0,0,0.0,0,0,0.0,1,4
6870477,0,0,0.0,0,0,0.0,1,4
6885478,0,0,0.0,0,0,0.0,0,0
6900480,0,0,0.0,0,0,0.0,1,4
6915481,0,0,0.0,26,104,1.96,1,4
6930482,0,0,0.0,0,0,0.0,0,0
6945483,0,0,0.0,0,0,0.0,2,8
6960484,0,0,0.0,0,0,0.0,0,0
6975485,0,0,0.0,0,0,0.0,1,4
6990486,0,0,0.0,0,0,0.0,2,8
7005487,0,0,0.0,0,0,0.0,1,4
7020488,0,0,0.0,0,0,0.0,0,0
7035489,0,0,0.0,0,0,0.0,0,0
7050490,0,0,0.0,0,0,0.0,0,0
7065491,0,0,0.0,35,140,2.64,3,12
7080492,0,0,0.0,0,0,0.0,1,4
7095493,0,0,0.0,0,0,0.0,2,8
7110494,0,0,0.0,0,0,0.0,0,0
7125495,0,0,0.0,0,0,0.0,1,4
7140496,0,0,0.0,0,0,0.0,0,0
7155497,0,0,0.0,0,0,0.0,2,8
7170498,31,124,2.34,0,0,0.0,1,4
7185499,0,0,0.0,0,0,0.0,0,0
7200500,0,0,0.0,0,0,0.0,0,0
7215501,0,0,0.0,0,0,0.0,0,0
7230502,30,120,2.26,0,0,0.0,1,4
7245503,0,0,0.0,0,0,0.0,1,4
7260504,0,0,0.0,0,0,0.0,0,0
7275505,0,0,0.0,0,0,0.0,1,4
7290506,0,0,0.0,0,0,0.0,5,20
7305507,0,0,0.0,0,0,0.0,1,4
7320508,0,0,0.0,0,0,0.0,0,0
7335510,0,0,0.0,0,0,0.0,7,28
7350511,0,0,0.0,0,0,0.0,1,4
7365512,0,0,0.0,27,108,2.04,1,4
7380513,27,108,2.04,0,0,0.0,2,8
7395514,0,0,0.0,0,0,0.0,0,0
7410515,0,0,0.0,0,0,0.0,0,0
7425516,0,0,0.0,0,0,0.0,2,8
7440517,0,0,0.0,0,0,0.0,1,4
7455518,0,0,0.0,0,0,0.0,2,8
7470519,0,0,0.0,20,80,1.51,0,0
7485520,0,0,0.0,0,0,0.0,5,20
7500521,0,0,0.0,0,0,0.0,2,8
7515522,0,0,0.0,18,72,1.36,4,16
7530523,0,0,0.0,0,0,0.0,0,0
7545524,0,0,0.0,0,0,0.0,3,12
7560525,0,0,0.0,0,0,0.0,3,12
7575526,28,112,2.11,0,0,0.0,3,12
7590528,0,0,0.0,0,0,0.0,0,0
7605529,0,0,0.0,0,0,0.0,2,8
7620530,0,0,0.0,0,0,0.0,0,0
7635531,0,0,0.0,0,0,0.0,0,0
7650532,0,0,0.0,0,0,0.0,0,0
7665533,24,96,1.81,0,0,0.0,2,8
7680534,0,0,0.0,0,0,0.0,1,4
7695535,0,0,0.0,0,0,0.0,0,0
7710536,0,0,0.0,0,0,0.0,0,0
7725537,17,68,1.28,0,0,0.0,0,0
7740538,0,0,0.0,13,52,0.98,0,0
7755539,15,60,1.13,0,0,0.0,1,4
7770540,0,0,0.0,0,0,0.0,1,4
7785541,0,0,0.0,0,0,0.0,0,0
7800542,0,0,0.0,18,72,1.36,3,12
7815543,0,0,0.0,0,0,0.0,0,0
7830544,0,0,0.0,11,44,0.83,0,0
7845545,16,64,1.21,0,0,0.0,1,4
7860546,11,44,0.83,0,0,0.0,0,0
7875547,13,52,0.98,0,0,0.0,3,12
7890548,10,40,0.75,13,52,0.98,2,8
7905549,0,0,0.0,0,0,0.0,1,4
7920550,7,28,0.53,0,0,0.0,2,8
7935551,0,0,0.0,0,0,0.0,0,0
7950552,0,0,0.0,0,0,0.0,0,0
7965553,0,0,0.0,0,0,0.0,0,0
7980554,9,36,0.68,14,56,1.06,2,8
7995555,9,36,0.68,13,52,0.98,0,0
8010556,0,0,0.0,0,0,0.0,1,4
8025558,9,36,0.68,11,44,0.83,2,8
8040559,10,40,0.75,0,0,0.0,0,0
8055560,11,44,0.83,6,24,0.45,1,4
8070561,9,36,0.68,12,48,0.91,2,8
8085562,10,40,0.75,8,32,0.60,3,12
8100563,6,24,0.45,12,48,0.91,3,12
8115564,7,28,0.53,7,28,0.53,2,8
8130565,7,28,0.53,5,20,0.38,1,4
8145566,10,40,0.75,10,40,0.75,3,12
8160567,10,40,0.75,8,32,0.60,0,0
8175568,0,0,0.0,3,12,0.23,0,0
8190569,3,12,0.23,3,12,0.23,1,4
8205570,0,0,0.0,6,24,0.45,2,8
8220571,4,16,0.30,7,28,0.53,2,8
8235572,5,20,0.38,5,20,0.38,2,8
8250573,4,16,0.30,9,36,0.68,0,0
8265574,4,16,0.30,2,8,0.15,0,0
8280576,2,8,0.15,0,0,0.0,0,0
8295577,4,16,0.30,3,12,0.23,1,4
8310578,5,20,0.38,0,0,0.0,0,0
8325579,2,8,0.15,5,20,0.38,0,0
8340580,0,0,0.0,2,8,0.15,0,0
8355581,4,16,0.30,2,8,0.15,0,0
8370582,6,24,0.45,3,12,0.23,0,0
8385583,0,0,0.0,5,20,0.38,1,4
8400584,2,8,0.15,0,0,0.0,0,0
8415585,4,16,0.30,6,24,0.45,0,0
8430586,3,12,0.23,3,12,0.23,2,8
8445587,0,0,0.0,5,20,0.38,2,8
8460588,3,12,0.23,3,12,0.23,0,0
8475589,3,12,0.23,1,4,0.08,0,0
8490590,2,8,0.15,5,20,0.38,0,0
8505591,2,8,0.15,4,16,0.30,0,0
8520592,7,28,0.53,2,8,0.15,1,4
8535593,2,8,0.15,2,8,0.15,1,4
8550594,0,0,0.00,2,8,0.15,0,0
8565595,2,8,0.15,2,8,0.15,0,0
8580596,1,4,0.08,3,12,0.23,0,0
8595597,0,0,0.0,0,0,0.00,0,0
8610598,0,0,0.00,0,0,0.00,0,0
8625599,0,0,0.00,2,8,0.15,0,0
8640600,1,4,0.08,0,0,0.0,1,4
8655601,0,0,0.0,1,4,0.08,0,0
8670602,1,4,0.08,2,8,0.15,1,4
8685603,4,16,0.30,3,12,0.23,1,4
8700604,1,4,0.08,2,8,0.15,0,0
8715606,2,8,0.15,1,4,0.08,1,4
8730607,1,4,0.08,1,4,0.08,0,0
8745608,0,0,0.00,2,8,0.15,0,0
8760609,0,0,0.0,0,0,0.0,1,4
8775610,0,0,0.00,3,12,0.23,0,0
8790611,1,4,0.08,3,12,0.23,1,4
8805612,2,8,0.15,1,4,0.08,1,4
8820613,1,4,0.08,1,4,0.08,0,0
8835614,2,8,0.15,0,0,0.00,0,0
8850615,1,4,0.08,0,0,0.00,0,0
8865616,0,0,0.00,0,0,0.00,0,0
8880617,0,0,0.0,1,4,0.08,1,4
8895618,1,4,0.08,2,8,0.15,0,0
8910619,0,0,0.00,1,4,0.08,0,0
8925620,2,8,0.15,1,4,0.08,1,4
8940621,0,0,0.00,1,4,0.08,0,0
8955622,1,4,0.08,2,8,0.15,0,0
8970624,0,0,0.00,2,8,0.15,0,0
8985625,2,8,0.15,1,4,0.08,0,0
9000626,2,8,0.15,0,0,0.00,0,0
9015627,1,4,0.08,1,4,0.08,0,0
9030628,0,0,0.00,0,0,0.00,0,0
9045629,1,4,0.08,1,4,0.08,0,0
9060630,1,4,0.08,1,4,0.08,0,0
9075631,3,12,0.23,4,16,0.30,1,4
9090632,2,8,0.15,1,4,0.08,1,4
9105633,0,0,0.00,0,0,0.00,0,0
9120634,0,0,0.0,0,0,0.0,0,0
9135635,0,0,0.0,0,0,0.0,0,0
9150636,1,4,0.08,0,0,0.00,0,0
9165637,0,0,0.00,2,8,0.15,0,0
9180638,0,0,0.0,1,4,0.08,0,0
9195639,0,0,0.0,0,0,0.0,0,0
9210640,0,0,0.00,2,8,0.15,0,0
9225641,1,4,0.08,0,0,0.00,0,0
9240642,0,0,0.00,3,12,0.23,0,0
9255643,3,12,0.23,0,0,0.00,0,0
9270644,1,4,0.08,1,4,0.08,0,0
9285645,2,8,0.15,2,8,0.15,0,0
9300646,0,0,0.00,0,0,0.00,0,0
9315647,0,0,0.0,0,0,0.0,0,0
9330648,0,0,0.0,0,0,0.0,0,0
9345649,2,8,0.15,3,12,0.23,0,0
9360650,0,0,0.00,0,0,0.00,0,0
9375651,0,0,0.0,0,0,0.0,0,0
9390652,0,0,0.0,0,0,0.0,0,0
9405654,0,0,0.0,0,0,0.0,0,0
9420655,0,0,0.0,0,0,0.0,1,4
9435656,0,0,0.0,0,0,0.0,0,0
9450657,0,0,0.0,0,0,0.0,0,0
9465658,0,0,0.00,0,0,0.00,0,0
